100 100
0.0 98.2344135219425 105.60303025955268 90.13878188659973 37.12142238654117 33.54101966249684 27.202941017470888 87.5728268357257 62.369864518050704 70.178344238091 33.734255586866 82.28000972289685 87.20665112249179 13.0 39.6232255123179 80.0 56.71860364994893 37.21558813185679 49.64876634922564 100.16985574512923 50.24937810560445 62.03224967708329 63.7808748764079 67.77905281132217 57.55866572463264 1.4142135623730951 52.952809179494906 60.14149981501958 73.10950690573696 23.40939982143925 46.010868281309364 70.09279563550022 44.01136216933077 36.61966684720111 44.04543109109048 63.071388124885914 84.52810183601665 64.28841264178172 87.13208364316786 39.81205847478876 57.30619512757761 74.06078584514209 88.84255736976509 88.88756943465155 55.00909015790027 79.19595949289332 5.0 89.0 49.0 69.46221994724903 67.20863039818622 95.29428104561154 40.8166632639171 59.00847396772772 48.16637831516918 79.51100552753688 40.0 86.45229898620394 48.38388161361178 42.579337712087536 48.0 48.91829923454004 75.66372975210778 37.0 87.70974860299168 4.242640687119285 74.06078584514209 79.40403012442127 43.139309220245984 35.84689665786984 56.08029957123981 34.539832078341085 17.804493814764857 59.464274989274024 7.211102550927978 12.529964086141668 56.71860364994893 89.1403387922662 48.010415536631214 15.033296378372908 30.4138126514911 94.26027795418386 89.73850901368932 75.31268153505093 71.84010022264724 84.01190391843289 15.033296378372908 73.60027173862879 12.041594578792296 68.01470429252781 68.8839603971781 53.075418038862395 76.05918747922567 35.11409973215888 66.85057965343307 46.66904755831214 98.18350166906862 69.85699678629192 4.0 21.587033144922902 
98.2344135219425 0.0 7.615773105863909 35.17101079013795 70.45565981523414 80.15609770940699 77.3692445355388 51.97114584074513 50.59644256269407 66.37017402418047 117.2006825918689 38.05259518088089 22.02271554554524 109.78615577567146 73.37574531137656 18.384776310850235 73.08214556237385 69.63476143421474 74.46475676452586 11.313708498984761 71.30918594402827 43.382023926967726 37.33630940518894 87.13208364316786 85.09406559801923 99.6393496566492 75.27283706623525 38.58756276314948 30.4138126514911 93.5200513259055 67.53517601961218 78.5175139698144 70.2353187506115 106.85036265731624 98.84331034521254 65.5133574166368 45.39823785126467 60.00833275470999 15.297058540778355 65.0 50.21951811795888 35.0 44.14748010928823 35.90264614203248 45.60701700396552 21.587033144922902 97.082439194738 22.20360331117452 67.11929677819934 50.08991914547278 33.24154027718932 17.46424919657298 92.13034245024816 76.02631123499285 63.953107821277925 18.867962264113206 96.17692030835673 18.110770276274835 63.788713735268246 64.35060217278468 67.54257916307313 101.23734488813898 26.40075756488817 70.00714249274856 19.0 98.812954616285 24.839484696748443 30.14962686336267 103.31021246711285 113.1591799192624 85.72630868059116 86.6083136886985 99.90495483208028 39.11521443121589 99.08582138732059 86.83893136145792 56.08029957123981 12.0 66.64082832618455 88.83692925805124 68.24221567329127 6.082762530298219 40.26164427839479 75.05997601918082 41.773197148410844 74.24284477308234 108.90362712049586 24.758836806279895 101.01980003939822 30.528675044947494 77.64663547121665 46.52956049652737 30.083217912982647 65.85590330410783 87.29833904490967 103.78824596263297 8.602325267042627 89.94442728707543 100.7670581092849 115.96551211459379 
105.60303025955268 7.615773105863909 0.0 37.05401462729781 77.00649323271382 86.6083136886985 84.970583144992 54.08326913195984 55.94640292279746 70.40596565632774 123.84667940643382 41.30375285612676 25.709920264364882 117.0341830406826 80.95677859203639 25.612496949731394 78.18567643756751 76.21679604916491 80.05623023850174 11.045361017187261 76.92203845452875 49.39635614091387 44.94441010848846 91.44397191723465 92.26592003551474 107.00467279516349 80.62257748298549 46.14108798023731 37.8549864614954 101.13357503816425 73.57309290766564 82.56512580987206 76.32168761236873 113.1591799192624 104.70912090166739 70.21395872616783 48.010415536631214 67.02984409947557 20.591260281974 72.61542535852834 57.723478758647246 42.1070065428546 46.09772228646444 38.01315561749642 52.40229002629561 29.120439557122072 104.35037134576953 25.317977802344327 72.94518489934754 57.0 40.85339643163099 19.0 98.11218069128827 83.15046602394962 69.9714227381436 26.419689627245813 102.2154587134451 22.847319317591726 71.30918594402827 70.80254232723568 73.43023900274328 106.88779163215975 32.449961479175904 77.62087348130012 23.08679276123039 106.25441167311595 31.827660925679098 37.0 109.27488274987991 119.6202324023825 90.82400563727631 92.91393867445294 106.83164325236227 46.647615158762406 106.30145812734649 94.30270409696638 61.71709649683789 19.235384061671343 72.56031973468694 96.38464608017192 75.71657678474378 13.152946437965905 42.1070065428546 78.63841300535 46.486557196677836 77.00649323271382 116.04309544302927 32.01562118716424 108.55873986004075 38.07886552931954 81.78630692236935 54.120236510939236 35.34119409414458 72.83543093852057 91.67878707749138 109.59014554237986 10.198039027185569 94.14881836751856 108.07404868885037 123.0690862889621 
90.13878188659973 35.17101079013795 37.05401462729781 0.0 54.56189146281496 62.433965115151864 78.00640999302557 17.029386365926403 28.653097563788805 35.77708763999664 99.20181449953424 8.06225774829855 14.422205101855956 99.00505037623081 79.90619500389191 30.4138126514911 46.861498055439924 54.12947441089743 50.93132631298737 26.019223662515376 48.16637831516918 28.442925306655784 48.75448697299562 56.859475903318 98.67117106835208 91.39474820797966 50.24937810560445 44.27188724235731 48.60041152089147 94.13288479590966 47.70744176750625 47.53945729601885 50.47771785649585 86.45229898620394 75.69015788066504 37.8021163428716 11.40175425099138 77.3692445355388 22.47220505424423 69.58448102845921 62.39390995922599 55.60575509783138 9.055385138137417 1.4142135623730951 37.05401462729781 41.72529209005013 87.31551981177229 13.416407864998739 45.803929962395145 69.6419413859206 45.65084884205331 18.110770276274835 70.03570517957252 90.82400563727631 44.41846462902562 34.655446902326915 74.27651041883968 19.4164878389476 73.49829930005184 48.33218389437829 46.61544808322666 76.69419795525604 22.360679774997898 74.43117626371358 17.4928556845359 92.17917335276988 29.154759474226502 53.75872022286245 80.62257748298549 93.72299611087985 58.82176467941097 67.20119046564577 85.47514258543241 43.965895873961216 88.3911760301898 81.58431221748455 34.9857113690718 39.96248240537617 46.04345773288535 85.84287972802403 65.19202405202648 38.07886552931954 5.0990195135927845 42.720018726587654 18.384776310850235 40.11234224026316 96.60745312862771 31.906112267087632 96.88137075826292 39.35733730830886 47.01063709417264 51.419840528729765 17.72004514666935 55.08175741568164 57.271284253105414 80.05623023850174 27.294688127912362 59.23681287847955 91.4166286842826 102.88342918079665 
37.12142238654117 70.45565981523414 77.00649323271382 54.56189146281496 0.0 9.848857801796104 37.013511046643494 50.48762224545735 26.0 33.95585369269929 46.861498055439924 46.51881339845203 54.56189146281496 44.598206241955516 46.861498055439924 52.478567053607705 22.47220505424423 1.0 16.278820596099706 69.31089380465383 15.264337522473747 28.319604517012593 45.27692569068709 38.2099463490856 70.2922470831599 38.2099463490856 19.849433241279208 38.63935817272331 53.9351462406472 48.84669896727925 9.219544457292887 36.89173349139343 8.06225774829855 36.6742416417845 31.144823004794873 26.68332812825267 47.80167361086848 62.297672508690084 56.72741841473134 38.58756276314948 47.853944456021594 58.215118311311535 52.20153254455275 53.225933528685054 25.059928172283335 56.302753041036986 33.54101966249684 56.08029957123981 12.36931687685298 61.814237842102365 46.87216658103186 63.0317380372777 24.08318915758459 66.57326790837296 11.045361017187261 53.665631459994955 27.459060435491963 55.17245689653489 48.30113870293329 6.4031242374328485 11.40175425099138 35.0 44.68780594300866 40.607881008493905 55.86591089385369 40.0 45.79301256742124 61.814237842102365 34.713109915419565 42.720018726587654 28.30194339616981 16.76305461424021 31.064449134018133 37.656340767525464 34.20526275297414 32.01562118716424 19.924858845171276 64.40496875241847 11.180339887498949 37.94733192202055 24.839484696748443 68.09552114493287 53.48831648126533 40.718546143004666 36.235341863986875 48.703182647543684 42.04759208325728 46.52956049652737 46.2709412050371 44.27188724235731 35.510561809129406 36.013886210738214 43.18564576337837 9.848857801796104 37.53664875824692 36.22154055254967 68.01470429252781 41.10960958218893 37.656340767525464 48.373546489791295 
33.54101966249684 80.15609770940699 86.6083136886985 62.433965115151864 9.848857801796104 0.0 40.607881008493905 56.32051136131489 33.83784863137726 37.013511046643494 37.48332962798263 54.378304497290095 63.63961030678928 38.47076812334269 51.97114584074513 62.26556030423239 23.194827009486403 10.770329614269007 16.1245154965971 78.64477096412705 17.029386365926403 37.53664875824692 54.74486277268398 35.510561809129406 75.16648189186454 34.36568055487916 19.4164878389476 48.27007354458868 63.56099432828282 49.64876634922564 14.7648230602334 36.68787265568828 12.083045973594572 26.832815729997478 22.02271554554524 30.14962686336267 54.62600113499065 69.85699678629192 66.21933252457322 44.94441010848846 56.22277118748239 67.60177512462228 59.09314681077663 61.05735008989499 34.88552708502482 66.12866246946176 29.154759474226502 65.06919393998976 17.08800749063506 70.25667228100119 56.515484603779164 72.12489168102785 15.132745950421556 72.44998274671983 18.027756377319946 63.50590523722971 18.027756377319946 64.53681120105021 55.02726596879042 15.811388300841896 16.15549442140351 26.30589287593181 54.20332093147061 46.06517122512408 65.11528238439882 37.107950630558946 55.569775957799216 71.386273190299 25.179356624028344 33.015148038438355 24.20743687382041 7.0710678118654755 23.40939982143925 47.29693436154187 29.0 31.906112267087632 27.459060435491963 74.24957912338628 16.55294535724685 38.27531841800928 30.463092423455635 77.89736837660179 60.8276253029822 41.773197148410844 44.40720662234904 50.48762224545735 35.17101079013795 56.356011214421486 44.27188724235731 54.08326913195984 35.4400902933387 45.09988913511872 52.3450093132096 18.0 34.66987164671943 27.0 77.46612162745726 38.01315561749642 33.06055050963308 40.85339643163099 
27.202941017470888 77.3692445355388 84.970583144992 78.00640999302557 37.013511046643494 40.607881008493905 0.0 80.60397012554654 54.57105459856901 69.31810730249349 59.00847396772772 71.06335201775947 71.19691004531025 40.162171256046406 13.038404810405298 60.166435825965294 59.405386961116584 36.40054944640259 53.2634959423431 81.59656855530139 52.20153254455275 50.15974481593781 40.496913462633174 75.0066663703967 34.88552708502482 28.460498941515414 56.85068161420758 39.0 49.20365840057018 16.492422502470642 45.48626166217664 73.81734213584231 45.0 57.48912940721924 59.93329625508679 62.177166226839255 75.66372975210778 37.107950630558946 68.96375859826666 13.45362404707371 31.240998703626616 48.79549159502341 79.40403012442127 77.0 41.012193308819754 56.60388679233962 29.274562336608895 73.16419889536138 48.54894437575342 42.485291572496 44.41846462902562 78.33900688673555 54.20332093147061 33.734255586866 45.65084884205331 58.60034129593445 55.46169849544819 69.12307863514182 21.18962010041709 38.948684188300895 47.70744176750625 64.8459713474939 59.033888572581766 9.848857801796104 70.83078426785913 25.495097567963924 55.362442142665635 54.45181356024793 61.09828148156051 59.30430001273095 64.38167441127949 45.79301256742124 40.11234224026316 38.62641583165593 32.2490309931942 15.132745950421556 50.92150822589606 66.88796603276258 47.16990566028302 13.038404810405298 13.601470508735444 72.56031973468694 79.1012010022604 77.17512552629896 61.29437168288782 84.53401682163222 41.97618372363071 54.08326913195984 24.758836806279895 47.01063709417264 72.42237223399962 30.870698080866262 61.29437168288782 28.653097563788805 74.27651041883968 64.07807737440318 79.12016177940993 77.79460135510689 31.04834939252005 48.76474136094644 
87.5728268357257 51.97114584074513 54.08326913195984 17.029386365926403 50.48762224545735 56.32051136131489 80.60397012554654 0.0 26.1725046566048 22.67156809750927 90.82400563727631 15.264337522473747 30.364452901377952 94.59386872308374 85.09406559801923 44.41846462902562 36.359317925395686 50.35871324805669 42.04759208325728 43.04648650006177 39.92492955535426 31.38470965295043 58.89821729050889 42.43819034784589 105.99056561788883 88.68483523128404 40.311288741492746 53.009433122794285 60.959002616512684 95.75489543621255 41.97618372363071 33.015148038438355 44.384682042344295 77.17512552629896 65.21502894272147 27.294688127912362 7.211102550927978 87.20091742636656 38.27531841800928 74.67261881037788 71.28113354878694 68.01470429252781 8.0 16.1245154965971 40.85339643163099 55.47071299343465 84.01190391843289 29.832867780352597 39.293765408777 80.72174428244226 56.586217403180434 35.12833614050059 60.53924347066124 98.97979591815695 39.45883931389772 48.54894437575342 64.66065264130884 35.11409973215888 80.49844718999243 45.09988913511872 40.26164427839479 65.29931086925804 34.20526275297414 79.05694150420949 33.52610922848042 90.27181176868004 41.23105625617661 67.20119046564577 70.21395872616783 84.72307831990054 46.75467891024384 59.61543424315552 79.6994353806851 52.43090691567332 84.52810183601665 81.00617260431454 31.016124838541646 55.54277630799526 40.024992192379 86.14522621712709 67.08203932499369 54.405882034941776 12.0 27.294688127912362 20.591260281974 23.345235059857504 91.48223871331527 44.04543109109048 96.02083107326243 50.20956084253277 32.802438933713454 58.66856057549052 28.42534080710379 54.037024344425184 43.01162633521314 69.02897942168927 44.28317965096906 44.41846462902562 88.11923740024082 97.082439194738 
62.369864518050704 50.59644256269407 55.94640292279746 28.653097563788805 26.0 33.83784863137726 54.57105459856901 26.1725046566048 0.0 20.12461179749811 70.9365914038728 20.591260281974 31.064449134018133 70.57619995437555 59.93329625508679 35.12833614050059 22.561028345356956 25.632011235952593 24.186773244895647 46.647615158762406 21.095023109728988 9.486832980505138 39.824615503479755 38.05259518088089 81.83520025025906 63.56099432828282 24.698178070456937 32.7566787083184 45.221676218380054 69.58448102845921 19.209372712298546 30.805843601498726 22.02271554554524 58.728187440104094 49.09175083453431 16.1245154965971 22.20360331117452 65.85590330410783 35.4682957019364 49.64876634922564 49.57822102496216 51.62363799656123 26.476404589747453 27.294688127912362 16.97056274847714 43.289721643826724 59.20304046246274 32.202484376209235 17.69180601295413 61.29437168288782 39.0 39.408120990476064 42.80186911806539 75.6042326857432 15.811388300841896 38.0 47.01063709417264 33.1058907144937 56.61271941887264 19.924858845171276 18.384776310850235 51.0 24.515301344262525 53.71219600798314 33.12099032335839 64.77653896280658 29.0 52.88667128870941 53.823786563191554 65.76473218982953 35.17101079013795 38.948684188300895 56.824290580701486 31.906112267087632 60.08327554319921 55.036351623268054 6.4031242374328485 48.16637831516918 17.69180601295413 60.03332407921454 41.0 50.00999900019995 27.51363298439521 29.966648127543394 10.63014581273465 34.058772731852805 68.0294054067798 31.064449134018133 70.178344238091 33.52610922848042 29.614185789921695 36.069377593742864 20.615528128088304 28.0178514522438 38.01315561749642 53.85164807134504 46.06517122512408 41.10960958218893 63.324560795950255 74.24284477308234 
70.178344238091 66.37017402418047 70.40596565632774 35.77708763999664 33.95585369269929 37.013511046643494 69.31810730249349 22.67156809750927 20.12461179749811 0.0 68.94200461257273 29.410882339705484 44.721359549995796 75.32595834106593 76.84399781375251 53.33854141237835 14.560219778561036 34.20526275297414 21.213203435596427 59.90826320300064 20.0 29.546573405388315 59.941638282582836 21.18962010041709 99.6393496566492 71.11258679024411 18.681541692269406 52.839379254491625 65.19202405202648 82.54089895318563 24.73863375370596 12.165525060596439 26.30589287593181 55.00909015790027 42.720018726587654 7.280109889280518 24.698178070456937 85.42833253669417 51.15662224971465 67.00746227100382 69.20260110718382 71.69379331573968 28.600699292150182 34.438350715445125 36.61966684720111 62.5859409132754 66.03029607687671 45.12205669071391 21.587033144922902 81.30190649671138 59.09314681077663 51.92301994298868 38.48376280978771 94.11163583744573 23.769728648009426 56.71860364994893 42.485291572496 48.25971404805462 75.0066663703967 30.463092423455635 22.561028345356956 42.638011210655684 42.190046219457976 70.45565981523414 47.51841748206689 73.43704787094863 47.853944456021594 72.73238618387272 47.70744176750625 62.609903369994115 24.08318915758459 38.8329756778952 59.682493245507096 51.97114584074513 66.007575322837 65.96969000988257 19.79898987322333 66.18912297349165 22.80350850198276 71.84010022264724 55.94640292279746 67.00746227100382 31.906112267087632 9.848857801796104 25.019992006393608 15.264337522473747 71.7007670809734 50.21951811795888 80.06247560499239 53.48831648126533 11.40175425099138 55.60575509783138 37.013511046643494 40.718546143004666 21.540659228538015 46.400431032480725 60.207972893961475 23.769728648009426 70.00714249274856 76.68767828015137 
33.734255586866 117.2006825918689 123.84667940643382 99.20181449953424 46.861498055439924 37.48332962798263 59.00847396772772 90.82400563727631 70.9365914038728 68.94200461257273 0.0 91.21403400793103 101.11874208078342 24.186773244895647 72.0 99.04544411531506 54.56189146281496 47.634021455258214 48.877397639399746 116.10340218959993 51.31276644267 75.0066663703967 88.23831367382311 56.568542494923804 91.2414379544733 32.984845004941285 50.53711507397311 82.73451516749222 97.57561170702442 57.0087712549569 51.73973328110612 63.06346010171025 48.91829923454004 14.317821063276353 27.459060435491963 63.52952069707436 90.4267659490264 95.524865872714 103.58571330062848 69.72087205421343 85.61541917201598 100.30453628824571 94.87360012142472 97.8008179924892 71.61005515987263 101.59724405711013 30.14962686336267 102.53292154230269 53.41348144429457 99.04039579888602 90.80198235721508 109.60383204979651 30.463092423455635 92.19544457292888 55.226805085936306 99.85990186255943 26.570660511172846 101.9803902718557 79.40403012442127 53.150729063673246 52.630789467763066 30.01666203960727 91.54780172128658 68.18357573492314 102.59142264341595 37.36308338453881 92.41753080449618 104.92378186092989 23.08679276123039 7.0 46.57252408878007 32.01562118716424 19.4164878389476 81.8413098624405 27.16615541441225 44.01136216933077 64.53681120105021 110.45361017187261 53.2634959423431 48.373546489791295 56.753854494650845 114.54693361238441 97.082439194738 69.6419413859206 81.5659242576212 78.587530817554 19.697715603592208 92.91393867445294 44.01136216933077 89.55445270895244 62.36184731067546 77.62087348130012 89.8276126811795 51.97114584074513 55.57877292636101 26.0 114.86513831445988 57.21887800367987 29.832867780352597 16.97056274847714 
82.28000972289685 38.05259518088089 41.30375285612676 8.06225774829855 46.51881339845203 54.378304497290095 71.06335201775947 15.264337522473747 20.591260281974 29.410882339705484 91.21403400793103 0.0 16.0312195418814 91.0 73.7563556583431 29.154759474226502 39.408120990476064 46.09772228646444 43.139309220245984 30.59411708155671 40.311288741492746 21.02379604162864 44.654227123532216 50.59644256269407 93.40770846134703 83.5224520712844 42.638011210655684 39.35733730830886 45.967379738244816 87.00574693662483 39.66106403010388 41.48493702538308 42.43819034784589 78.56844150166147 68.01470429252781 30.528675044947494 8.06225774829855 73.24616030891995 23.53720459187964 63.34824385884742 57.706152185014034 53.03772242470448 9.433981132056603 6.708203932499369 30.066592756745816 40.22437072223753 79.37883848986453 16.0312195418814 37.8021163428716 66.21933252457322 42.01190307520001 22.561028345356956 62.22539674441618 85.90692637965812 36.359317925395686 33.28663395418648 66.46803743153546 20.396078054371138 68.00735254367721 40.311288741492746 38.600518131237564 69.20260110718382 19.1049731745428 68.06614430096654 19.1049731745428 84.40379138403677 26.1725046566048 52.009614495783374 72.91776189653656 85.7962703152066 51.62363799656123 59.20304046246274 77.41446893184762 38.91015291668744 80.4114419718985 73.97972695272672 26.92582403567252 40.496913462633174 38.01315561749642 78.40918313565064 58.008620049092706 39.81205847478876 8.06225774829855 37.33630940518894 10.44030650891055 36.22154055254967 88.56635930193812 29.0 89.26925562588724 35.608987629529715 40.80441152620633 45.880278987817846 13.45362404707371 47.29693436154187 50.92150822589606 72.47068372797375 31.144823004794873 53.16013544000805 83.48652585896721 94.82615672903758 
87.20665112249179 22.02271554554524 25.709920264364882 14.422205101855956 54.56189146281496 63.63961030678928 71.19691004531025 30.364452901377952 31.064449134018133 44.721359549995796 101.11874208078342 16.0312195418814 0.0 97.41663102366043 71.0 16.64331697709324 52.80151512977634 53.907327887774215 55.226805085936306 15.652475842498529 52.15361924162119 26.248809496813376 37.107950630558946 65.73431371817918 87.86353054595519 88.54942122905152 55.47071299343465 34.058772731852805 35.35533905932738 87.66413177577246 49.678969393496885 56.88585061331157 52.49761899362675 89.49860334105779 80.15609770940699 44.598206241955516 23.53720459187964 65.19202405202648 8.06225774829855 61.07372593840988 51.19570294468082 42.190046219457976 22.847319317591726 14.7648230602334 32.202484376209235 27.80287754891569 85.0881895447306 2.0 48.60041152089147 56.79788728465171 33.52610922848042 8.48528137423857 73.81734213584231 79.55501241279521 46.09772228646444 20.808652046684813 78.00640999302557 5.0 63.387695966961914 48.16637831516918 49.20365840057018 81.98780397107853 12.165525060596439 66.12110101926616 3.1622776601683795 88.63972021616495 17.26267650163207 39.824615503479755 84.87638069569178 96.33275663033837 65.39113089708727 69.42621983083913 85.42833253669417 34.0147027033899 86.6083136886985 77.25283166331187 37.20215047547655 25.553864678361276 48.41487374764082 80.65358020571685 59.481089431852205 24.041630560342615 19.235384061671343 53.150729063673246 21.02379604162864 52.23983154643591 95.69221493935649 19.6468827043885 92.35799911215054 27.65863337187866 56.089214649520635 42.0 11.40175425099138 52.478567053607705 65.96969000988257 84.90583018850944 15.524174696260024 68.4470598345904 89.06739021662193 102.41581909060729 
13.0 109.78615577567146 117.0341830406826 99.00505037623081 44.598206241955516 38.47076812334269 40.162171256046406 94.59386872308374 70.57619995437555 75.32595834106593 24.186773244895647 91.0 97.41663102366043 0.0 52.392747589718944 91.43850392476902 61.07372593840988 44.94441010848846 54.147945482723536 111.01801655587259 55.44366510251645 71.58910531638176 76.21679604916491 69.2314957226839 69.06518659932803 11.704699910719626 57.0350769263968 72.18032973047436 85.60373823613078 34.132096331752024 52.630789467763066 73.17103251970687 50.21951811795888 31.622776601683793 42.15447781671598 68.59300255857006 92.34717104492157 77.20103626247513 98.00510190801293 52.80151512977634 70.2353187506115 86.82165628459296 96.76776322722355 97.6933979345585 65.45991139621256 91.35097153287424 12.727922061357855 99.12618221237011 55.31726674375732 82.46211251235322 79.51100552753688 105.6882207249228 41.0 71.25307010929424 55.362442142665635 91.2414379544733 38.897300677553446 97.082439194738 61.35144660071187 50.695167422546305 54.3415126767741 46.51881339845203 86.2670273047588 49.9799959983992 98.18350166906862 15.132745950421556 85.27602242131137 92.0869154657707 39.824615503479755 28.319604517012593 57.706152185014034 37.013511046643494 16.1245154965971 71.449282711585 10.816653826391969 25.495097567963924 64.51356446515724 101.13851887386922 54.57105459856901 27.65863337187866 42.80186911806539 106.07544484940895 98.08159868191383 79.02531240052139 80.62257748298549 88.0056816347672 5.0 85.0411665018772 20.396078054371138 79.90619500389191 72.11102550927978 65.43699259593154 86.09297300012354 44.94441010848846 68.24954212300622 43.41658669218482 109.20164833920778 70.83078426785913 9.433981132056603 9.0 
39.6232255123179 73.37574531137656 80.95677859203639 79.90619500389191 46.861498055439924 51.97114584074513 13.038404810405298 85.09406559801923 59.93329625508679 76.84399781375251 72.0 73.7563556583431 71.0 52.392747589718944 0.0 57.706152185014034 68.59300255857006 46.09772228646444 63.0317380372777 79.2464510246358 61.5223536610881 53.75872022286245 36.138621999185304 85.0411665018772 23.430749027719962 40.792156108742276 66.52818951391959 37.05401462729781 43.46262762420146 22.67156809750927 54.45181356024793 82.80700453464067 54.48853090330111 70.40596565632774 72.2357252334328 70.0 79.40403012442127 25.079872407968907 67.36467917239716 10.44030650891055 23.706539182259394 41.340053217188775 82.71033792700887 79.07591289387686 44.27188724235731 51.86520991955976 42.1070065428546 73.0 57.3149195236284 32.01562118716424 40.26164427839479 77.23341245859851 66.2117814289874 20.8806130178211 53.907327887774215 55.31726674375732 67.77905281132217 68.11754546370561 10.63014581273465 47.4236228055175 56.586217403180434 77.07788269017254 59.033888572581766 6.4031242374328485 70.06425622241343 37.36308338453881 54.08326913195984 47.16990566028302 73.68174807915459 72.3394774656273 75.0 57.697486947006624 53.150729063673246 37.013511046643494 45.09988913511872 28.0178514522438 57.4543296888929 62.03224967708329 55.90169943749474 24.73863375370596 22.02271554554524 68.00735254367721 81.78630692236935 85.42833253669417 64.8459713474939 92.0869154657707 54.589376255824725 52.23983154643591 34.88552708502482 44.40720662234904 81.39410298049853 29.0 62.39390995922599 37.48332962798263 84.38601779915912 76.55063683601855 76.48529270389177 87.96590248499699 43.56604182158393 61.18823416311342 
80.0 18.384776310850235 25.612496949731394 30.4138126514911 52.478567053607705 62.26556030423239 60.166435825965294 44.41846462902562 35.12833614050059 53.33854141237835 99.04544411531506 29.154759474226502 16.64331697709324 91.43850392476902 57.706152185014034 0.0 57.55866572463264 51.62363799656123 57.97413216254298 21.587033144922902 54.817880294662984 26.68332812825267 22.0 73.00684899377592 72.56031973468694 81.40024569987489 59.22837157984339 21.18962010041709 18.788294228055936 76.55063683601855 50.32891812864648 65.12296062065974 52.92447448959697 89.06739021662193 81.70679286326198 51.0098029794274 37.21558813185679 49.040799340956916 10.198039027185569 48.507731342539614 36.05551275463989 25.553864678361276 37.8021163428716 30.4138126514911 27.459060435491963 11.313708498984761 78.74642849044012 18.35755975068582 50.28916384272063 40.311288741492746 18.027756377319946 20.223748416156685 74.84650960465692 63.953107821277925 46.8187996428785 4.242640687119285 78.79086241436883 12.083045973594572 49.040799340956916 46.52956049652737 50.59644256269407 84.43340571124678 11.180339887498949 53.600373133029585 14.317821063276353 80.7093550959243 6.708203932499369 23.345235059857504 86.00581375697809 95.1892851112981 70.03570517957252 68.8839603971781 81.5659242576212 21.540659228538015 80.72174428244226 68.79680225126747 39.81205847478876 13.038404810405298 49.64876634922564 71.11961754677819 50.24937810560445 15.652475842498529 34.713109915419565 62.80127387243033 28.442925306655784 63.89053137985315 90.52071586106685 6.4031242374328485 83.24061508662703 13.341664064126334 64.07027391856539 29.410882339705484 16.76305461424021 47.50789408087881 73.02739212103907 86.7294644281861 18.973665961010276 76.0 82.46211251235322 97.58073580374356 
56.71860364994893 73.08214556237385 78.18567643756751 46.861498055439924 22.47220505424423 23.194827009486403 59.405386961116584 36.359317925395686 22.561028345356956 14.560219778561036 54.56189146281496 39.408120990476064 52.80151512977634 61.07372593840988 68.59300255857006 57.55866572463264 0.0 23.021728866442675 7.0710678118654755 68.4470598345904 7.211102550927978 31.064449134018133 58.69412236331676 17.46424919657298 91.93475947648963 57.55866572463264 4.123105625617661 51.419840528729765 65.62011886609167 71.11258679024411 14.142135623730951 14.422205101855956 14.422205101855956 40.8166632639171 29.068883707497267 9.219544457292887 36.796738985948195 81.00617260431454 57.87054518492115 59.54829972383762 65.30696746902278 71.386273190299 41.10960958218893 45.45327270945405 34.713109915419565 65.0 52.3450093132096 53.665631459994955 11.40175425099138 78.54934754662193 58.855755878248644 60.8276253029822 24.186773244895647 87.45856161634491 15.264337522473747 60.207972893961475 28.30194339616981 55.362442142665635 68.60029154456998 21.2602916254693 12.041594578792296 29.832867780352597 47.07440918375928 62.22539674441618 55.154328932550705 60.207972893961475 51.24451190127583 73.55270219373317 34.058772731852805 48.373546489791295 12.649110640673518 24.331050121192877 45.27692569068709 50.44799302251776 52.08646657242167 53.85164807134504 18.0 70.57619995437555 12.806248474865697 60.00833275470999 46.75467891024384 72.56721022610694 43.840620433565945 18.681541692269406 31.78049716414141 27.294688127912362 57.3149195236284 53.08483775994799 67.1863081289633 54.230987451824994 13.038404810405298 52.0 43.01162633521314 31.144823004794873 17.08800749063506 33.24154027718932 68.15423684555495 20.615528128088304 56.22277118748239 62.16912416947821 
37.21558813185679 69.63476143421474 76.21679604916491 54.12947441089743 1.0 10.770329614269007 36.40054944640259 50.35871324805669 25.632011235952593 34.20526275297414 47.634021455258214 46.09772228646444 53.907327887774215 44.94441010848846 46.09772228646444 51.62363799656123 23.021728866442675 0.0 16.97056274847714 68.59300255857006 15.811388300841896 27.65863337187866 44.28317965096906 38.948684188300895 69.52697318307479 38.3275357934736 20.518284528683193 37.656340767525464 52.952809179494906 48.46648326421054 9.486832980505138 37.44329045369811 8.602325267042627 37.57658845611187 32.14031735997639 26.92582403567252 47.53945729601885 61.35144660071187 55.97320787662612 37.73592452822641 46.87216658103186 57.21887800367987 51.92301994298868 52.80151512977634 24.186773244895647 55.362442142665635 33.734255586866 55.44366510251645 12.649110640673518 60.8276253029822 45.89117562233506 62.369864518050704 25.079872407968907 65.73431371817918 11.0 52.773099207835045 28.442925306655784 54.45181356024793 47.41307836451879 5.830951894845301 11.704699910719626 36.0 43.93176527297759 39.824615503479755 55.17245689653489 40.01249804748511 44.94441010848846 60.8276253029822 35.6931365951495 43.56604182158393 29.154759474226502 17.72004514666935 31.622776601683793 36.6742416417845 34.48187929913333 31.78049716414141 19.6468827043885 63.50590523722971 11.40175425099138 37.64306044943742 24.08318915758459 67.23094525588644 53.14132102234569 41.14608122288197 35.77708763999664 49.040799340956916 42.485291572496 45.65084884205331 46.17358552246078 43.32435804486894 36.05551275463989 35.014282800023196 42.5205832509386 8.94427190999916 38.28837943815329 37.21558813185679 67.26812023536856 41.86884283091664 37.8549864614954 48.877397639399746 
49.64876634922564 74.46475676452586 80.05623023850174 50.93132631298737 16.278820596099706 16.1245154965971 53.2634959423431 42.04759208325728 24.186773244895647 21.213203435596427 48.877397639399746 43.139309220245984 55.226805085936306 54.147945482723536 63.0317380372777 57.97413216254298 7.0710678118654755 16.97056274847714 0.0 70.83078426785913 3.1622776601683795 31.32091952673165 56.43580423808985 22.02271554554524 86.45229898620394 50.48762224545735 3.605551275463989 49.25444142409901 64.03124237432849 64.41273166075166 9.486832980505138 21.02379604162864 8.602325267042627 35.608987629529715 25.0 14.866068747318506 41.617304093369626 76.96752561957543 59.50630218724736 54.405882034941776 61.68468205316454 69.35416353759881 46.04345773288535 49.51767361255979 33.0 64.38167441127949 45.27692569068709 56.302753041036986 8.0 75.28612089887484 57.07889277132134 63.51377803280167 19.1049731745428 82.41965784932621 12.041594578792296 60.207972893961475 23.345235059857504 57.245087125446844 63.812224534175265 16.55294535724685 8.06225774829855 26.832815729997478 48.104053883222775 56.72741841473134 57.30619512757761 53.150729063673246 51.419840528729765 72.02777242147643 29.832867780352597 43.01162633521314 13.341664064126334 17.72004514666935 38.47076812334269 48.25971404805462 45.044422518220834 47.01063709417264 18.384776310850235 70.83078426785913 9.055385138137417 53.225933528685054 41.036569057366385 73.37574531137656 48.41487374764082 25.709920264364882 34.40930106817051 34.36568055487916 50.48762224545735 52.952809179494906 60.166435825965294 53.03772242470448 19.697715603592208 48.76474136094644 44.721359549995796 25.612496949731394 21.400934559032695 29.68164415931166 70.2353187506115 25.0 49.16299421312742 55.54277630799526 
100.16985574512923 11.313708498984761 11.045361017187261 26.019223662515376 69.31089380465383 78.64477096412705 81.59656855530139 43.04648650006177 46.647615158762406 59.90826320300064 116.10340218959993 30.59411708155671 15.652475842498529 111.01801655587259 79.2464510246358 21.587033144922902 68.4470598345904 68.59300255857006 70.83078426785913 0.0 67.7421582177598 41.10960958218893 43.289721643826724 81.04319835741924 93.08598175880189 101.54801819828883 71.11961754677819 42.720018726587654 38.118237105091836 98.03060746521976 65.0 72.03471385380801 67.80117993073571 104.80935072788114 95.71833680126291 60.166435825965294 37.05401462729781 68.59300255857006 13.038404810405298 70.09279563550022 57.07889277132134 43.73785545725808 35.05709628591621 27.0 45.60701700396552 29.154759474226502 98.4733466477097 14.866068747318506 64.07027391856539 59.033888572581766 39.20459156782532 8.06225774829855 89.30845424706443 84.2140130857092 61.40032573203501 24.08318915758459 93.47726996441435 14.142135623730951 70.34912934784623 62.96824596572466 64.63745044476924 97.6165969494942 24.839484696748443 75.18643494673756 13.601470508735444 101.21264743103995 26.40075756488817 39.56008088970496 100.40418317978589 111.5212984142491 81.02468759581859 84.64632301523794 99.82484660644363 43.01162633521314 100.20977996183805 89.47066558375433 52.69724850502159 21.540659228538015 63.8200595424354 92.19544457292888 71.11258679024411 16.64331697709324 31.064449134018133 67.89698078707183 36.6742416417845 66.03029607687671 109.63576058932597 27.51363298439521 104.21612159354233 34.92849839314596 71.30918594402827 50.96076922496363 26.40075756488817 66.21933252457322 81.32035415564789 100.4987562112089 3.1622776601683795 83.67795408588812 102.34256201600583 116.51609330903607 
50.24937810560445 71.30918594402827 76.92203845452875 48.16637831516918 15.264337522473747 17.029386365926403 52.20153254455275 39.92492955535426 21.095023109728988 20.0 51.31276644267 40.311288741492746 52.15361924162119 55.44366510251645 61.5223536610881 54.817880294662984 7.211102550927978 15.811388300841896 3.1622776601683795 67.7421582177598 0.0 28.160255680657446 53.600373133029585 23.853720883753127 84.8999411071645 51.15662224971465 5.385164807134504 46.389654018972806 61.07372593840988 63.97655820689325 7.211102550927978 21.633307652783937 7.211102550927978 38.28837943815329 28.0178514522438 13.152946437965905 39.11521443121589 74.68600939935136 56.36488268416781 52.630789467763066 59.23681287847955 66.48308055437865 43.56604182158393 46.75467891024384 30.01666203960727 61.29437168288782 46.04345773288535 53.25410782277739 5.0990195135927845 72.73238618387272 54.147945482723536 60.4648658313239 21.93171219946131 80.60397012554654 9.219544457292887 57.0701322935211 26.1725046566048 54.120236510939236 61.85466837676846 14.422205101855956 5.385164807134504 29.966648127543394 44.94441010848846 55.17245689653489 54.20332093147061 53.600373133029585 48.27007354458868 69.06518659932803 32.802438933713454 45.60701700396552 16.1245154965971 19.697715603592208 40.024992192379 45.39823785126467 46.010868281309364 46.8187996428785 15.231546211727817 67.68308503607086 6.324555320336759 52.92447448959697 39.6232255123179 70.21395872616783 45.803929962395145 25.632011235952593 31.400636936215164 33.95585369269929 51.97114584074513 49.8196748283246 60.41522986797286 50.00999900019995 20.248456731316587 46.17358552246078 41.593268686170845 24.041630560342615 23.323807579381203 32.7566787083184 67.11929677819934 26.92582403567252 50.00999900019995 57.28001396647874 
62.03224967708329 43.382023926967726 49.39635614091387 28.442925306655784 28.319604517012593 37.53664875824692 50.15974481593781 31.38470965295043 9.486832980505138 29.546573405388315 75.0066663703967 21.02379604162864 26.248809496813376 71.58910531638176 53.75872022286245 26.68332812825267 31.064449134018133 27.65863337187866 31.32091952673165 41.10960958218893 28.160255680657446 0.0 30.528675044947494 47.265209192385896 74.70609078247904 63.324560795950255 32.55764119219941 23.600847442411894 35.73513677041127 66.0 24.186773244895647 40.26164427839479 26.92582403567252 63.8200595424354 55.46169849544819 25.495097567963924 25.709920264364882 57.28001396647874 28.844410203711913 43.32435804486894 41.036569057366385 42.15447781671598 29.274562336608895 27.294688127912362 9.486832980505138 34.058772731852805 59.50630218724736 27.80287754891569 23.769728648009426 52.20153254455275 29.546573405388315 34.713109915419565 48.76474136094644 67.95586803212802 20.591260281974 29.154759474226502 52.839379254491625 27.018512172212592 49.24428900898052 21.93171219946131 24.166091947189145 57.9396237474839 17.0 47.80167361086848 27.586228448267445 63.89053137985315 20.223748416156685 43.41658669218482 59.941638282582836 70.43436661176133 43.41658669218482 43.60045871318328 59.20304046246274 22.80350850198276 60.8276253029822 53.150729063673246 13.152946437965905 39.6232255123179 23.259406699226016 57.42821606144492 37.0 42.05948168962618 29.0 39.395431207184416 11.180339887498949 43.01162633521314 69.6419413859206 22.02271554554524 68.4470598345904 24.041630560342615 39.05124837953327 27.80287754891569 14.866068747318506 26.92582403567252 47.16990566028302 60.41522986797286 40.0 50.35871324805669 63.56099432828282 76.27581530209953 
